#CSEM940101
#T New alignment strategy for transmembrane proteins
#A Cserzo, M., Bernassau, J.-M., Simon, I. and Maigret, B.
#J J. Mol. Biol. 243, 388-396 (1994)
	A	R	N	D	C	Q	E	G	H	I	L	K	M	F	P	S	T	W	Y	V	B	Z	X
A	1	-0.07	-0.14	-0.08	0.04	-0.01	0.08	0.11	-0.11	-0.1	0.2	-0.07	0.15	-0.25	-0.07	0.14	0.11	-0.25	-0.36	0.06	0	0	0
R	-0.07	1	0.12	-0.01	-0.2	0.57	0.34	-0.11	0.13	-0.29	-0.2	0.47	-0.17	-0.31	-0.17	-0.16	-0.32	-0.03	-0.03	-0.29	0	0	0
N	-0.14	0.12	1	0.56	-0.14	0.2	0.13	0.22	0.32	-0.37	-0.39	0.22	-0.11	-0.33	0.05	0.14	0.13	-0.39	-0.27	-0.46	0	0	0
D	-0.08	-0.01	0.56	1	-0.24	0.19	0.37	0.11	0.22	-0.54	-0.55	0.18	-0.25	-0.4	0.09	0.22	0.23	-0.41	-0.34	-0.48	0	0	0
C	0.04	-0.2	-0.14	-0.24	1	-0.29	-0.51	0.25	0.18	0.26	0.23	-0.43	0.1	0.3	0.02	0.1	0.14	0.18	0.21	0.33	0	0	0
Q	-0.01	0.57	0.2	0.19	-0.29	1	0.51	-0.13	0.05	-0.43	-0.3	0.52	-0.18	-0.44	-0.03	-0.06	-0.15	-0.17	-0.28	-0.38	0	0	0
E	0.08	0.34	0.13	0.37	-0.51	0.51	1	-0.23	-0.19	-0.51	-0.45	0.54	-0.14	-0.5	-0.11	-0.17	-0.27	-0.22	-0.32	-0.44	0	0	0
G	0.11	-0.11	0.22	0.11	0.25	-0.13	-0.23	1	0.18	-0.22	-0.14	-0.23	-0.01	-0.09	0.25	0.29	-0.02	-0.08	-0.24	-0.12	0	0	0
H	-0.11	0.13	0.32	0.22	0.18	0.05	-0.19	0.18	1	-0.14	-0.12	-0.09	-0.19	-0.06	0.05	0.14	0.08	-0.11	0.08	-0.18	0	0	0
I	-0.1	-0.29	-0.37	-0.54	0.26	-0.43	-0.51	-0.22	-0.14	1	0.6	-0.4	0.36	0.6	-0.19	-0.27	0	0.36	0.43	0.7	0	0	0
L	0.2	-0.2	-0.39	-0.55	0.23	-0.3	-0.45	-0.14	-0.12	0.6	1	-0.34	0.38	0.44	-0.2	-0.19	-0.04	0.22	0.17	0.49	0	0	0
K	-0.07	0.47	0.22	0.18	-0.43	0.52	0.54	-0.23	-0.09	-0.4	-0.34	1	-0.16	-0.41	-0.17	-0.24	-0.24	-0.22	-0.2	-0.36	0	0	0
M	0.15	-0.17	-0.11	-0.25	0.1	-0.18	-0.14	-0.01	-0.19	0.36	0.38	-0.16	1	0.22	-0.17	-0.17	-0.02	0.16	0.07	0.23	0	0	0
F	-0.25	-0.31	-0.33	-0.4	0.3	-0.44	-0.5	-0.09	-0.06	0.6	0.44	-0.41	0.22	1	-0.12	-0.01	0.02	0.41	0.54	0.47	0	0	0
P	-0.07	-0.17	0.05	0.09	0.02	-0.03	-0.11	0.25	0.05	-0.19	-0.2	-0.17	-0.17	-0.12	1	0.27	0.2	-0.13	-0.23	-0.17	0	0	0
S	0.14	-0.16	0.14	0.22	0.1	-0.06	-0.17	0.29	0.14	-0.27	-0.19	-0.24	-0.17	-0.01	0.27	1	0.45	-0.17	-0.21	-0.18	0	0	0
T	0.11	-0.32	0.13	0.23	0.14	-0.15	-0.27	-0.02	0.08	0	-0.04	-0.24	-0.02	0.02	0.2	0.45	1	-0.12	-0.14	0.07	0	0	0
W	-0.25	-0.03	-0.39	-0.41	0.18	-0.17	-0.22	-0.08	-0.11	0.36	0.22	-0.22	0.16	0.41	-0.13	-0.17	-0.12	1	0.43	0.29	0	0	0
Y	-0.36	-0.03	-0.27	-0.34	0.21	-0.28	-0.32	-0.24	0.08	0.43	0.17	-0.2	0.07	0.54	-0.23	-0.21	-0.14	0.43	1	0.31	0	0	0
V	0.06	-0.29	-0.46	-0.48	0.33	-0.38	-0.44	-0.12	-0.18	0.7	0.49	-0.36	0.23	0.47	-0.17	-0.18	0.07	0.29	0.31	1	0	0	0
B	0	0	0	0	0	0	0	0	0	0	0	0	0	0	0	0	0	0	0	0	0	0	0
Z	0	0	0	0	0	0	0	0	0	0	0	0	0	0	0	0	0	0	0	0	0	0	0
X	0	0	0	0	0	0	0	0	0	0	0	0	0	0	0	0	0	0	0	0	0	0	0
