#KAPO950101
#T Alignment of 700 globin sequences: extent of amino acid substitution and its
#A Kapp, O.H., Moens, L., Vanfleteren, J., Trotman, C.N., Suzuki, T. and
#J Protein Science 4, 2179-2190 (1995)
	A	R	N	D	C	Q	E	G	H	I	L	K	M	F	P	S	T	W	Y	V	B	Z	X
A	23.4	16.8	17.1	18.2	21.5	17.2	18.1	19.9	11.5	17.2	13.6	17.1	16.2	11.9	17.7	20.4	18.1	10.1	15.3	16.7	0	0	0
R	16.8	29.5	17.1	18.2	14.4	19.6	18.7	16.1	13.7	14.3	12.2	21.9	15.5	10.1	15.7	17.5	20.6	9.94	13.8	14.4	0	0	0
N	17.1	17.1	27.4	21.4	14.7	18.6	20	18.1	18.9	14.8	11.7	17.7	13.7	11.4	14.6	20.9	20.2	7.74	20.1	14.8	0	0	0
D	18.2	18.2	21.4	25.9	14	22.2	22.8	18.7	17.2	13.7	12.5	18.2	15.5	9.04	19.4	19.1	19	9.08	14.9	15.1	0	0	0
C	21.5	14.4	14.7	14	31.9	13.8	12.2	15	13.5	20.9	15.5	9.83	19.8	13.5	5.43	17.7	16.2	9.56	17.3	21.4	0	0	0
Q	17.2	19.6	18.6	22.2	13.8	96.5	20.4	16.3	21.2	15.8	13.3	22	17.8	11.5	18	17.6	17.4	16.6	14.6	15.2	0	0	0
E	18.1	18.7	20	22.8	12.2	20.4	26.5	19.3	15.7	14.9	11.4	19.2	15.2	9.24	19.1	17.7	18.8	15.3	12.7	15.1	0	0	0
G	19.9	16.1	18.1	18.7	15	16.3	19.3	26.8	12.2	14.7	11.5	15.6	15	9.84	17	20.2	18.2	7.2	13.7	14.5	0	0	0
H	11.5	13.7	18.9	17.2	13.5	21.2	15.7	12.2	30.8	12.4	9.07	15.5	11.4	10.7	11.7	13.8	14.8	0	19.4	12.9	0	0	0
I	17.2	14.3	14.8	13.7	20.9	15.8	14.9	14.7	12.4	24.7	21	14.2	20.9	18.4	9.35	14.6	17.5	10.4	17.6	22.2	0	0	0
L	13.6	12.2	11.7	12.5	15.5	13.3	11.4	11.5	9.07	21	24.8	12.1	22.4	20.6	7.28	12.2	14.3	14.7	17.9	18.9	0	0	0
K	17.1	21.9	17.7	18.2	9.83	22	19.2	15.6	15.5	14.2	12.1	26.4	15.4	9.68	16.8	16.6	17.6	7.79	14.7	13.5	0	0	0
M	16.2	15.5	13.7	15.5	19.8	17.8	15.2	15	11.4	20.9	22.4	15.4	25.9	20.2	11.6	14.7	16.9	18.5	20	19.1	0	0	0
F	11.9	10.1	11.4	9.04	13.5	11.5	9.24	9.84	10.7	18.4	20.6	9.68	20.2	27.1	3.14	9.65	12.8	19.3	22.6	17.2	0	0	0
P	17.7	15.7	14.6	19.4	5.43	18	19.1	17	11.7	9.35	7.28	16.8	11.6	3.14	32.2	17.9	14.9	9.85	6.99	11.1	0	0	0
S	20.4	17.5	20.9	19.1	17.7	17.6	17.7	20.2	13.8	14.6	12.2	16.6	14.7	9.65	17.9	25.4	19.5	9.7	14.4	15.1	0	0	0
T	18.1	20.6	20.2	19	16.2	17.4	18.8	18.2	14.8	17.5	14.3	17.6	16.9	12.8	14.9	19.5	26.1	17.2	17.7	17.9	0	0	0
W	10.1	9.94	7.74	9.08	9.56	16.6	15.3	7.2	0	10.4	14.7	7.79	18.5	19.3	9.85	9.7	17.2	33.8	19.5	11.6	0	0	0
Y	15.3	13.8	20.1	14.9	17.3	14.6	12.7	13.7	19.4	17.6	17.9	14.7	20	22.6	6.99	14.4	17.7	19.5	29.2	16.5	0	0	0
V	16.7	14.4	14.8	15.1	21.4	15.2	15.1	14.5	12.9	22.2	18.9	13.5	19.1	17.2	11.1	15.1	17.9	11.6	16.5	25	0	0	0
B	0	0	0	0	0	0	0	0	0	0	0	0	0	0	0	0	0	0	0	0	0	0	0
Z	0	0	0	0	0	0	0	0	0	0	0	0	0	0	0	0	0	0	0	0	0	0	0
X	0	0	0	0	0	0	0	0	0	0	0	0	0	0	0	0	0	0	0	0	0	0	0
