#MEHP950101
#T A simple and fast approach to prediction of protein secondary structure from
#A Mehta, P.K., Heringa, J. and Argos, P.
#J Protein Science 4, 2517-2525 (1995)
	A	R	N	D	C	Q	E	G	H	I	L	K	M	F	P	S	T	W	Y	V	B	Z	X
A	1.23	1.17	1.28	1.31	1.41	1.31	1.34	1.11	1.17	1.08	1.19	1.29	1.2	0.94	0.94	1.17	1.06	0.9	0.86	1.09	0	0	0
R	1.17	1.06	1.03	1.18	1.21	1.1	1.15	0.99	1.06	0.91	1.02	1.11	0.97	0.74	0.69	0.9	0.88	0.63	0.75	0.98	0	0	0
N	1.28	1.03	1.02	1.08	1.36	1.2	1.21	0.96	1.13	0.89	0.98	1.14	1.01	0.83	0.74	1.01	0.93	0.88	0.83	0.96	0	0	0
D	1.31	1.18	1.08	1.11	1.44	1.25	1.31	1.02	1.05	0.93	1	1.18	0.94	0.79	0.84	0.97	1.01	0.87	0.73	1.01	0	0	0
C	1.41	1.21	1.36	1.44	1.04	1.49	1.43	1.36	1.5	1.24	1.41	1.31	1.36	1.16	1.3	1.33	1.18	0.78	1	1.33	0	0	0
Q	1.31	1.1	1.2	1.25	1.49	1.16	1.26	1.11	1.22	1.02	1.01	1.21	1.1	0.88	0.91	1.09	1.02	0.95	0.85	1.06	0	0	0
E	1.34	1.15	1.21	1.31	1.43	1.26	1.19	1.06	1.23	0.96	1.01	1.22	1.02	0.91	0.96	1.02	0.94	0.86	0.76	1.04	0	0	0
G	1.11	0.99	0.96	1.02	1.36	1.11	1.06	0.86	1.1	0.79	0.88	1.05	0.81	0.68	0.92	0.94	0.86	0.58	0.58	0.95	0	0	0
H	1.17	1.06	1.13	1.05	1.5	1.22	1.23	1.1	0.99	0.86	1.08	1.1	1.08	0.94	0.8	1.03	0.95	0.92	0.81	1.01	0	0	0
I	1.08	0.91	0.89	0.93	1.24	1.02	0.96	0.79	0.86	0.9	0.99	0.94	1.01	0.74	0.67	0.89	-1	0.53	0.68	0.83	0	0	0
L	1.19	1.02	0.98	1	1.41	1.01	1.01	0.88	1.08	0.99	1.04	1.07	1.08	0.9	0.75	1.01	0.9	0.72	0.79	0.88	0	0	0
K	1.29	1.11	1.14	1.18	1.31	1.21	1.22	1.05	1.1	0.94	1.07	1.13	0.99	0.78	0.67	0.98	0.88	0.74	0.79	0.99	0	0	0
M	1.2	0.97	1.01	0.94	1.36	1.1	1.02	0.81	1.08	1.01	1.08	0.99	1.04	0.91	0.59	0.59	0.96	0.75	0.86	1.02	0	0	0
F	0.94	0.74	0.83	0.79	1.16	0.88	0.91	0.68	0.94	0.74	0.9	0.78	0.91	0.82	0.69	0.78	0.72	0.66	0.71	0.76	0	0	0
P	0.94	0.69	0.74	0.84	1.3	0.91	0.96	0.92	0.8	0.67	0.75	0.67	0.59	0.69	0.75	0.79	0.8	0.4	0.54	0.77	0	0	0
S	1.17	0.9	1.01	0.97	1.33	1.09	1.02	0.94	1.03	0.89	1.01	0.98	0.59	0.78	0.79	0.93	0.87	0.69	0.63	0.93	0	0	0
T	1.06	0.88	0.93	1.01	1.18	1.02	0.94	0.86	0.95	-1	0.9	0.88	0.96	0.72	0.8	0.87	0.85	0.74	0.65	0.84	0	0	0
W	0.9	0.63	0.88	0.87	0.78	0.95	0.86	0.58	0.92	0.53	0.72	0.74	0.75	0.66	0.4	0.69	0.74	0.91	0.66	0.6	0	0	0
Y	0.86	0.75	0.83	0.73	1	0.85	0.76	0.58	0.81	0.68	0.79	0.79	0.86	0.71	0.54	0.63	0.65	0.66	0.8	0.67	0	0	0
V	1.09	0.98	0.96	1.01	1.33	1.06	1.04	0.95	1.01	0.83	0.88	0.99	1.02	0.76	0.77	0.93	0.84	0.6	0.67	0.83	0	0	0
B	0	0	0	0	0	0	0	0	0	0	0	0	0	0	0	0	0	0	0	0	0	0	0
Z	0	0	0	0	0	0	0	0	0	0	0	0	0	0	0	0	0	0	0	0	0	0	0
X	0	0	0	0	0	0	0	0	0	0	0	0	0	0	0	0	0	0	0	0	0	0	0
