#MEHP950103
#T A simple and fast approach to prediction of protein secondary structure from
#A Mehta, P.K., Heringa, J. and Argos, P.
#J Protein Science 4, 2517-2525 (1995)
	A	R	N	D	C	Q	E	G	H	I	L	K	M	F	P	S	T	W	Y	V	B	Z	X
A	0.86	1.02	0.95	1.23	0.49	0.92	0.96	1.11	1.04	0.51	0.57	1.06	0.53	0.79	1.69	1.04	0.92	0.86	0.84	0.65	0	0	0
R	1.02	1.06	1.19	1.41	0.82	1.13	1.02	1.41	1.02	0.69	0.82	1.08	0.74	1.09	1.76	1.29	1.13	1.22	1.1	0.86	0	0	0
N	0.95	1.19	1.36	1.52	0.7	1.13	1.04	1.8	1.18	1	1.13	1.3	1.17	1.19	1.91	1.35	1.23	1.46	1.27	0.99	0	0	0
D	1.23	1.41	1.52	1.43	0.6	1.17	1.17	1.88	1.63	1.04	1.09	1.38	1.34	1.17	2.04	1.63	1.27	1.24	1.46	0.99	0	0	0
C	0.49	0.82	0.7	0.6	0.71	0.51	0.57	0.51	0.39	0.43	0.28	0.68	0.1	0.46	0.96	0.55	0.68	0.47	0.48	0.32	0	0	0
Q	0.92	1.13	1.13	1.17	0.51	0.96	0.96	1.22	0.92	0.7	0.8	1.02	0.79	1.16	1.63	1.12	0.89	0.73	1.14	0.77	0	0	0
E	0.96	1.02	1.04	1.17	0.57	0.96	1.01	1.15	0.91	0.74	0.69	0.93	1.02	0.85	1.71	1.13	0.89	0.61	0.91	0.71	0	0	0
G	1.11	1.41	1.8	1.88	0.51	1.22	1.15	1.5	1.4	0.98	1.1	1.43	1.07	1.16	1.8	1.37	1.3	1.46	1.51	0.9	0	0	0
H	1.04	1.02	1.18	1.63	0.39	0.92	0.91	1.4	1.05	0.81	0.62	1.15	0.88	1.05	1.96	1.29	1.33	0.78	0.97	0.66	0	0	0
I	0.51	0.69	1	1.04	0.43	0.7	0.74	0.98	0.81	0.58	-1	0.91	0.59	0.42	1.18	0.74	0.79	0.56	0.65	0.45	0	0	0
L	0.57	0.82	1.13	1.09	0.28	0.8	0.69	1.1	0.62	-1	0.61	0.84	0.63	0.63	1.19	0.74	0.84	0.88	0.57	0.49	0	0	0
K	1.06	1.08	1.3	1.38	0.68	1.02	0.93	1.43	1.15	0.91	0.84	1.1	0.97	1.33	2.08	1.32	1.12	1.44	1.13	0.89	0	0	0
M	0.53	0.74	1.17	1.34	0.1	0.79	1.02	1.07	0.88	0.59	0.63	0.97	0.77	0.74	1.28	0.79	0.83	0.83	0.84	0.44	0	0	0
F	0.79	1.09	1.19	1.17	0.46	1.16	0.85	1.16	1.05	0.42	0.63	1.33	0.74	0.83	1.66	0.94	0.97	1.19	0.99	0.44	0	0	0
P	1.69	1.76	1.91	2.04	0.96	1.63	1.71	1.8	1.96	1.18	1.19	2.08	1.28	1.66	2.13	1.87	1.71	2.39	1.54	1.32	0	0	0
S	1.04	1.29	1.35	1.63	0.55	1.12	1.13	1.37	1.29	0.74	0.74	1.32	0.79	0.94	1.87	1.29	1.11	1.01	1.03	0.7	0	0	0
T	0.92	1.13	1.23	1.27	0.68	0.89	0.89	1.3	1.33	0.79	0.84	1.12	0.83	0.97	1.71	1.11	1.08	0.69	0.85	0.78	0	0	0
W	0.86	1.22	1.46	1.24	0.47	0.73	0.61	1.46	0.78	0.56	0.88	1.44	0.83	1.19	2.39	1.01	0.69	0.78	1.22	0.57	0	0	0
Y	0.84	1.1	1.27	1.46	0.48	1.14	0.91	1.51	0.97	0.65	0.57	1.13	0.84	0.99	1.54	1.03	0.85	1.22	0.83	0.48	0	0	0
V	0.65	0.86	0.99	0.99	0.32	0.77	0.71	0.9	0.66	0.45	0.49	0.89	0.44	0.44	1.32	0.7	0.78	0.57	0.48	0.63	0	0	0
B	0	0	0	0	0	0	0	0	0	0	0	0	0	0	0	0	0	0	0	0	0	0	0
Z	0	0	0	0	0	0	0	0	0	0	0	0	0	0	0	0	0	0	0	0	0	0	0
X	0	0	0	0	0	0	0	0	0	0	0	0	0	0	0	0	0	0	0	0	0	0	0
