#NIEK910101
#T Amino acid similarity coefficients for protein modeling and sequence
#A Niefind, K. and Schomburg, D.
#J J. Mol. Biol. 219, 481-497 (1991)
	A	R	N	D	C	Q	E	G	H	I	L	K	M	F	P	S	T	W	Y	V	B	Z	X
A	1	0.09	-0.29	0.05	-0.35	0.32	0.7	-0.4	-0.18	-0.25	0.51	0.55	0.39	-0.18	0.1	-0.38	-0.59	-0.11	-0.59	-0.23	0	0	0
R	0.09	1	-0.1	-0.08	-0.17	0.05	0.09	-0.18	0.15	0.05	0	0.14	-0.1	0.15	-0.18	-0.1	-0.12	0	-0.01	-0.03	0	0	0
N	-0.29	-0.1	1	0.3	0.04	-0.14	-0.24	0.37	0.04	-0.06	-0.23	-0.19	-0.13	-0.13	-0.1	0.04	0.01	-0.21	0.04	-0.15	0	0	0
D	0.05	-0.08	0.3	1	-0.1	0.11	0.07	0.08	-0.01	-0.28	0.01	0.13	-0.09	-0.31	0.02	0.02	-0.18	-0.19	-0.19	-0.22	0	0	0
C	-0.35	-0.17	0.04	-0.1	1	-0.16	-0.34	0.12	-0.04	-0.15	-0.27	-0.25	-0.25	-0.05	0.13	0.31	0.12	0	0.25	-0.1	0	0	0
Q	0.32	0.05	-0.14	0.11	-0.16	1	0.39	-0.28	0.08	-0.13	0.29	0.16	0.22	-0.25	-0.18	-0.23	-0.21	-0.17	-0.28	-0.03	0	0	0
E	0.7	0.09	-0.24	0.07	-0.34	0.39	1	-0.45	-0.14	-0.14	0.57	0.5	0.36	-0.24	-0.08	-0.41	-0.5	-0.12	-0.57	-0.09	0	0	0
G	-0.4	-0.18	0.37	0.08	0.12	-0.28	-0.45	1	0.06	-0.23	-0.54	-0.34	-0.29	-0.05	0.1	0.28	0.1	-0.1	0.19	-0.24	0	0	0
H	-0.18	0.15	0.04	-0.01	-0.04	0.08	-0.14	0.06	1	0.01	-0.09	-0.23	-0.08	0.17	-0.32	-0.05	0.1	-0.01	0.13	-0.11	0	0	0
I	-0.25	0.05	-0.06	-0.28	-0.15	-0.13	-0.14	-0.23	0.01	1	0.25	-0.17	0.15	0.27	-0.53	-0.34	0.3	0.03	0.13	0.67	0	0	0
L	0.51	0	-0.23	0.01	-0.27	0.29	0.57	-0.54	-0.09	0.25	1	0.31	0.41	-0.08	-0.25	-0.61	-0.31	-0.12	-0.46	0.23	0	0	0
K	0.55	0.14	-0.19	0.13	-0.25	0.16	0.5	-0.34	-0.23	-0.17	0.31	1	0.05	-0.16	0.04	-0.18	-0.33	0.02	-0.43	-0.13	0	0	0
M	0.39	-0.1	-0.13	-0.09	-0.25	0.22	0.36	-0.29	-0.08	0.15	0.41	0.05	1	-0.02	-0.31	-0.48	-0.31	-0.19	-0.31	0.08	0	0	0
F	-0.18	0.15	-0.13	-0.31	-0.05	-0.25	-0.24	-0.05	0.17	0.27	-0.08	-0.16	-0.02	1	-0.28	-0.13	0.19	0.15	0.24	0.13	0	0	0
P	0.1	-0.18	-0.1	0.02	0.13	-0.18	-0.08	0.1	-0.32	-0.53	-0.25	0.04	-0.31	-0.28	1	0.35	-0.21	-0.03	-0.13	-0.42	0	0	0
S	-0.38	-0.1	0.04	0.02	0.31	-0.23	-0.41	0.28	-0.05	-0.34	-0.61	-0.18	-0.48	-0.13	0.35	1	0.33	0.05	0.34	-0.25	0	0	0
T	-0.59	-0.12	0.01	-0.18	0.12	-0.21	-0.5	0.1	0.1	0.3	-0.31	-0.33	-0.31	0.19	-0.21	0.33	1	0.07	0.46	0.35	0	0	0
W	-0.11	0	-0.21	-0.19	0	-0.17	-0.12	-0.1	-0.01	0.03	-0.12	0.02	-0.19	0.15	-0.03	0.05	0.07	1	0.06	-0.04	0	0	0
Y	-0.59	-0.01	0.04	-0.19	0.25	-0.28	-0.57	0.19	0.13	0.13	-0.46	-0.43	-0.31	0.24	-0.13	0.34	0.46	0.06	1	0.15	0	0	0
V	-0.23	-0.03	-0.15	-0.22	-0.1	-0.03	-0.09	-0.24	-0.11	0.67	0.23	-0.13	0.08	0.13	-0.42	-0.25	0.35	-0.04	0.15	1	0	0	0
B	0	0	0	0	0	0	0	0	0	0	0	0	0	0	0	0	0	0	0	0	0	0	0
Z	0	0	0	0	0	0	0	0	0	0	0	0	0	0	0	0	0	0	0	0	0	0	0
X	0	0	0	0	0	0	0	0	0	0	0	0	0	0	0	0	0	0	0	0	0	0	0
