#OGAK980101
#T Amino acid similarity matrix for homology modeling derived from structural
#A Ogata, K., Ohya, M. and Umeyama, H.
#J Journal of Molecular Graphics and Modelling 16, 178-254 (1998)
	A	R	N	D	C	Q	E	G	H	I	L	K	M	F	P	S	T	W	Y	V	B	Z	X
A	-4.8	-7	-7.1	-6.9	-7.7	-7	-6.7	-5.8	-7.7	-7.1	-6.7	-6.7	-8	-7.9	-6.8	-5.6	-6.2	-9	-7.5	-5.9	0	0	0
R	-7	-6.2	-7.3	-7.3	-8.3	-7.5	-7.5	-7.5	-8.1	-7.7	-7.9	-6.6	-7.8	-8.1	-7.9	-6.9	-6.8	-9.4	-8.4	-7.4	0	0	0
N	-7.1	-7.3	-4.8	-6.3	-8.6	-7.1	-6.5	-6.8	-6.8	-7.6	-7.7	-6.8	-7.4	-8.2	-8	-6.5	-6.4	-8.6	-7	-7.2	0	0	0
D	-6.9	-7.3	-6.3	-5	-8.3	-7.3	-6.4	-6.3	-8.1	-8.3	-7.1	-6.9	-8.2	-9.5	-7.3	-5.7	-6.5	-9.8	-7.2	-7.1	0	0	0
C	-7.7	-8.3	-8.6	-8.3	-3.2	-8.3	-10.2	-7.5	-9.3	-9	-7.7	-8.5	-8.7	-8.9	-8.3	-8.2	-7.5	-12	-10.6	-8.1	0	0	0
Q	-7	-7.5	-7.1	-7.3	-8.3	-6.5	-6.8	-7.6	-7.7	-7.9	-7.4	-6.7	-8.5	-8.6	-8.1	-7	-7	-8.3	-7.3	-7.5	0	0	0
E	-6.7	-7.5	-6.5	-6.4	-10.2	-6.8	-5.4	-7.4	-7.8	-8.3	-7.4	-6.7	-8.1	-8.2	-7.8	-6.6	-6.8	-7.9	-7.5	-7.3	0	0	0
G	-5.8	-7.5	-6.8	-6.3	-7.5	-7.6	-7.4	-4.2	-7.7	-8	-8	-6.8	-8.2	-8.1	-7.2	-6.3	-6.7	-7.2	-7.5	-7.3	0	0	0
H	-7.7	-8.1	-6.8	-8.1	-9.3	-7.7	-7.8	-7.7	-6.1	-8.2	-8.1	-7.6	-9.7	-8.2	-7.5	-7	-8	-9.7	-6.8	-7.5	0	0	0
I	-7.1	-7.7	-7.6	-8.3	-9	-7.9	-8.3	-8	-8.2	-5.5	-5.5	-8.1	-7.4	-7.2	-7.2	-7.2	-7.1	-7.7	-7.4	-5.7	0	0	0
L	-6.7	-7.9	-7.7	-7.1	-7.7	-7.4	-7.4	-8	-8.1	-5.5	-4	-7.2	-7	-6.6	-6.6	-6.4	-6.2	-6.8	-6.6	-5.8	0	0	0
K	-6.7	-6.6	-6.8	-6.9	-8.5	-6.7	-6.7	-6.8	-7.6	-8.1	-7.2	-5.5	-8.2	-8.8	-7.5	-6.6	-6.3	-9.5	-7.3	-6.7	0	0	0
M	-8	-7.8	-7.4	-8.2	-8.7	-8.5	-8.1	-8.2	-9.7	-7.4	-7	-8.2	-6.7	-8.5	-8.8	-7.5	-7.3	-7.2	-7.9	-7.2	0	0	0
F	-7.9	-8.1	-8.2	-9.5	-8.9	-8.6	-8.2	-8.1	-8.2	-7.2	-6.6	-8.8	-8.5	-5.7	-8.8	-8.3	-7.7	-6.9	-6	-7.1	0	0	0
P	-6.8	-7.9	-8	-7.3	-8.3	-8.1	-7.8	-7.2	-7.5	-7.2	-6.6	-7.5	-8.8	-8.8	-5.7	-6.8	-6.7	-10.4	-8.1	-7.5	0	0	0
S	-5.6	-6.9	-6.5	-5.7	-8.2	-7	-6.6	-6.3	-7	-7.2	-6.4	-6.6	-7.5	-8.3	-6.8	-4.6	-5.5	-7.6	-7.3	-6.8	0	0	0
T	-6.2	-6.8	-6.4	-6.5	-7.5	-7	-6.8	-6.7	-8	-7.1	-6.2	-6.3	-7.3	-7.7	-6.7	-5.5	-5	-7.6	-6.8	-6.2	0	0	0
W	-9	-9.4	-8.6	-9.8	-12	-8.3	-7.9	-7.2	-9.7	-7.7	-6.8	-9.5	-7.2	-6.9	-10.4	-7.6	-7.6	-5	-6.5	-7.8	0	0	0
Y	-7.5	-8.4	-7	-7.2	-10.6	-7.3	-7.5	-7.5	-6.8	-7.4	-6.6	-7.3	-7.9	-6	-8.1	-7.3	-6.8	-6.5	-4.7	-7.2	0	0	0
V	-5.9	-7.4	-7.2	-7.1	-8.1	-7.5	-7.3	-7.3	-7.5	-5.7	-5.8	-6.7	-7.2	-7.1	-7.5	-6.8	-6.2	-7.8	-7.2	-4.8	0	0	0
B	0	0	0	0	0	0	0	0	0	0	0	0	0	0	0	0	0	0	0	0	0	0	0
Z	0	0	0	0	0	0	0	0	0	0	0	0	0	0	0	0	0	0	0	0	0	0	0
X	0	0	0	0	0	0	0	0	0	0	0	0	0	0	0	0	0	0	0	0	0	0	0
