#RIER950101
#T Evolutionary conservation of both the hydrophilic and hydrophobic nature of
#A Riek, R.P., Handschumacher, M.D., Sung, S.S., Tan, M., Glynias, M.J.,
#J J. Theor. Biol. 172, 245-258 (1995)
	A	R	N	D	C	Q	E	G	H	I	L	K	M	F	P	S	T	W	Y	V	B	Z	X
A	100	13	60	33	98	64	39	96	71	91	93	35	89	87	89	94	98	98	94	94	0	0	0
R	13	100	53	81	11	49	74	17	42	4	6	78	2	0	24	19	16	11	19	7	0	0	0
N	60	53	100	73	58	96	79	64	89	51	52	75	49	47	71	66	63	58	66	54	0	0	0
D	33	81	73	100	30	68	94	36	61	23	25	98	21	19	44	39	35	31	38	26	0	0	0
C	98	11	58	30	100	62	36	94	69	93	95	33	91	89	86	91	95	99	92	96	0	0	0
Q	64	49	96	68	62	100	74	68	93	55	57	71	53	51	76	71	67	63	70	58	0	0	0
E	39	74	79	94	36	74	100	43	68	29	31	96	27	26	50	45	41	37	44	33	0	0	0
G	96	17	64	36	94	68	43	100	75	87	89	39	85	83	93	98	99	94	98	90	0	0	0
H	71	42	89	61	69	93	68	75	100	62	64	64	60	58	83	78	74	69	77	65	0	0	0
I	91	4	51	23	93	55	29	87	62	100	98	26	98	96	79	84	88	93	85	97	0	0	0
L	93	6	52	25	95	57	31	89	64	98	100	27	96	94	81	86	90	94	87	99	0	0	0
K	35	78	75	98	33	71	96	39	64	26	27	100	24	22	46	41	38	33	41	29	0	0	0
M	89	2	49	21	91	53	27	85	60	98	96	24	100	98	78	83	86	91	83	95	0	0	0
F	87	0	47	19	89	51	26	83	58	96	94	22	98	100	76	81	84	89	81	93	0	0	0
P	89	24	71	44	86	76	50	93	83	79	81	46	78	76	100	95	91	87	94	83	0	0	0
S	94	19	66	39	91	71	45	98	78	84	86	41	83	81	95	100	96	92	99	88	0	0	0
T	98	16	63	35	95	67	41	99	74	88	90	38	86	84	91	96	100	96	97	91	0	0	0
W	98	11	58	31	99	63	37	94	69	93	94	33	91	89	87	92	96	100	93	96	0	0	0
Y	94	19	66	38	92	70	44	98	77	85	87	41	83	81	94	99	97	93	100	88	0	0	0
V	94	7	54	26	96	58	33	90	65	97	99	29	95	93	83	88	91	96	88	100	0	0	0
B	0	0	0	0	0	0	0	0	0	0	0	0	0	0	0	0	0	0	0	0	0	0	0
Z	0	0	0	0	0	0	0	0	0	0	0	0	0	0	0	0	0	0	0	0	0	0	0
X	0	0	0	0	0	0	0	0	0	0	0	0	0	0	0	0	0	0	0	0	0	0	0
