    A   R   N   D   C   Q   E   G   H   I   L   K   M   F   P   S   T   W   Y   V   B   Z   X
A  0.75   0.8  0.71  0.86  0.75  0.68  0.63  1.63  0.79   2.0  0.97  0.65   2.0  1.16  0.77  -2.0   2.0  1.18  1.23   2.0   0.0   2.0   0.0
R   0.8  -2.0   2.0   2.0  0.84  0.83  0.82   2.0  0.92  1.23  1.05  -2.0  1.14  -0.6  1.03  0.99   2.0  1.33  -2.0   2.0   0.0   0.0   0.0
N  0.71   2.0   0.8  0.69  0.72  0.71  0.74  0.71  0.78  1.12  0.97   2.0  0.92   2.0   2.0  0.84  0.99  0.95  1.08  1.05   0.0   0.0   0.0
D  0.86   2.0  0.69  0.66  -2.0  0.64  0.58  0.61  0.68   2.0   2.0  0.64  0.93  1.17  0.75  0.77   2.0  -2.0  1.42  0.99   0.0  -2.0   0.0
C  0.75  0.84  0.72  -2.0  1.07  0.65  0.69   0.8  -2.0  0.96  0.84  0.79  0.97  1.04  0.67  1.51  0.93  -1.1  1.22   2.0   0.0   0.0   0.0
Q  0.68  0.83  0.71  0.64  0.65   0.8  0.73  0.78  0.79   1.1  1.07  0.75  -2.0  1.07  -2.0  0.85  1.02   2.0   2.0   2.0  -1.1   0.0   0.0
E  0.63  0.82  0.74  0.58  0.69  0.73   2.0  0.87  0.78  -2.0  1.12  0.78   2.0  1.17   2.0  0.92  1.11  1.33  1.31  1.08   0.0   0.0   0.0
G  1.63   2.0  0.71  0.61   0.8  0.78  0.87  0.97  0.71   2.0   2.0  0.76  1.18   1.3  -2.0  0.51  1.03  1.28  1.27  1.09   0.0   0.0   0.0
H  0.79  0.92  0.78  0.68  -2.0  0.79  0.78  0.71  0.99  1.24  1.07  0.82  0.96  1.05  0.83  0.85   2.0  1.18  0.63  1.17   0.0   0.0   0.0
I   2.0  1.23  1.12   2.0  0.96   1.1  -2.0   2.0  1.24  1.33  1.21  1.11   2.0  1.54   1.3  1.24  -0.8  1.71  1.51  1.42   0.0   0.0  -1.7
L  0.97  1.05  0.97   2.0  0.84  1.07  1.12   2.0  1.07  1.21  -1.4  1.69  1.06  1.27  1.21   2.0  1.18  1.37  1.41  -1.7   0.0   0.0   0.0
K  0.65  -2.0   2.0  0.64  0.79  0.75  0.78  0.76  0.82  1.11  1.69  0.78  -2.0  1.11  0.92  0.89  1.09  1.11  1.18  1.06   0.0   0.0   0.0
M   2.0  1.14  0.92  0.93  0.97  -2.0   2.0  1.18  0.96   2.0  1.06  -2.0  1.05  -2.0  -0.8  1.15   2.0  -1.1  1.23  1.22   0.3   0.0  -1.0
F  1.16  -0.6   2.0  1.17  1.04  1.07  1.17   1.3  1.05  1.54  1.27  1.11  -2.0  1.33   2.0  1.28  1.32  1.31  1.34  1.51   0.0   0.0   2.0
P  0.77  1.03   2.0  0.75  0.67  -2.0   2.0  -2.0  0.83   1.3  1.21  0.92  -0.8   2.0  0.82  1.17  0.93  1.09  -2.0   2.0   1.3   0.0   0.0
S  -2.0  0.99  0.84  0.77  1.51  0.85  0.92  0.51  0.85  1.24   2.0  0.89  1.15  1.28  1.17  0.96   1.1   2.0  1.41   2.0   0.0   0.0   0.0
T   2.0   2.0  0.99   2.0  0.93  1.02  1.11  1.03   2.0  -0.8  1.18  1.09   2.0  1.32  0.93   1.1  1.16  -1.9  1.46  1.27   0.0   0.0   0.0
W  1.18  1.33  0.95  -2.0  -1.1   2.0  1.33  1.28  1.18  1.71  1.37  1.11  -1.1  1.31  1.09   2.0  -1.9  1.22  1.29  1.63   2.0   0.0   1.1
Y  1.23  -2.0  1.08  1.42  1.22   2.0  1.31  1.27  0.63  1.51  1.41  1.18  1.23  1.34  -2.0  1.41  1.46  1.29  1.31   1.6   0.0   0.0   0.0
V   2.0   2.0  1.05  0.99   2.0   2.0  1.08  1.09  1.17  1.42  -1.7  1.06  1.22  1.51   2.0   2.0  1.27  1.63   1.6  1.41   2.0   0.0  -2.0
B   0.0   0.0   0.0   0.0   0.0  -1.1   0.0   0.0   0.0   0.0   0.0   0.0   0.3   0.0   1.3   0.0   0.0   2.0   0.0   2.0   2.0   2.0   0.0
Z   2.0   0.0   0.0  -2.0   0.0   0.0   0.0   0.0   0.0   0.0   0.0   0.0   0.0   0.0   0.0   0.0   0.0   0.0   0.0   0.0   2.0   0.0   0.0
X   0.0   0.0   0.0   0.0   0.0   0.0   0.0   0.0   0.0  -1.7   0.0   0.0  -1.0   2.0   0.0   0.0   0.0   1.1   0.0  -2.0   0.0   0.0   0.0
